192
287
179
189
269
188
259
150
201
222
240
170
163
180
207
209
276
195
158
234
195
202
168
147
230
199
156
165
163
194
234
191
200
195
181
158
170
194
128
188
216
196
207
192
158
256
214
231
215
198
213
213
195
257
193
275
137
147
231
172
185
180
174
283
153
202
313
199
362
137
208
213
213
166
229
210
154
231
199
185
240
214
293
267
188
278
178
213
217
154
135
341
155
258
283
336
202
156
185
200
